0,407
0,278
0,406
0,405
0,404
0,403
0,402
0,401
0,400
0,399
0,398
0,397
0,396
0,395
0,394
0,393
0,392
0,273
0,270
30,4
30,3
30,2
0,391
30,1
30,0
0,390
29,3
29,2
29,1
29,0
0,389
0,388
28,5
0,387
0,386
0,385
28,4
28,3
28,2
28,1
28,0
27,4
27,3
27,2
27,1
27,0
0,384
0,319
0,318
26,4
26,3
26,2
26,1
26,0
0,317
0,316
25,4
25,3
25,2
0,283
0,243
25,1
25,0
24,3
24,2
0,9
24,1
24,0
3,2
3,1
3,3
10,134
10,88
10,170
10,188
10,4
10,130
10,2
10,3
11,7
11,14
11,2
11,3
9,4
9,6
9,2
9,3
8,9
11,28
11,27
11,26
11,25
11,24
8,11
8,2
8,3
11,23
11,22
11,21
11,20
11,1
12,2
12,1
12,3
11,19
10,303
10,302
10,301
10,300
10,299
10,298
10,297
10,296
10,295
10,294
10,293
10,292
10,291
10,290
10,289
10,288
10,287
10,286
10,285
